name: myenv-flask
channels:
  - defaults
dependencies:
  - aom=3.6.0=hd77b12b_0
  - asttokens=3.0.0=py39haa95532_0
  - backcall=0.2.0=pyhd3eb1b0_0
  - bzip2=1.0.8=h2bbff1b_6
  - ca-certificates=2025.7.15=haa95532_0
  - cairo=1.18.4=he9e932c_0
  - colorama=0.4.6=py39haa95532_0
  - comm=0.2.1=py39haa95532_0
  - dav1d=1.2.1=h2bbff1b_0
  - debugpy=1.8.16=py39h885b0b7_0
  - decorator=5.1.1=pyhd3eb1b0_0
  - exceptiongroup=1.2.0=py39haa95532_0
  - executing=2.2.1=py39haa95532_0
  - expat=2.7.1=h8ddb27b_0
  - fontconfig=2.14.1=hb33846d_3
  - freeglut=3.4.0=h8a1e904_1
  - freetype=2.13.3=h0620614_0
  - fribidi=1.0.10=h62dcd97_0
  - graphite2=1.3.14=hd77b12b_1
  - harfbuzz=10.2.0=he2f9f60_1
  - icu=73.1=h6c2663c_0
  - importlib_metadata=8.5.0=hd3eb1b0_0
  - ipykernel=6.29.5=py39haa95532_1
  - ipython=8.15.0=py39haa95532_0
  - jedi=0.19.2=py39haa95532_0
  - jpeg=9e=h827c3e9_3
  - jupyter_client=8.6.3=py39haa95532_0
  - jupyter_core=5.8.1=py39haa95532_0
  - lcms2=2.16=h62be587_1
  - lerc=4.0.0=h5da7b33_0
  - libavif=1.1.1=h827c3e9_0
  - libdeflate=1.22=h5bf469e_0
  - libffi=3.4.4=hd77b12b_1
  - libglib=2.84.2=h405b238_0
  - libiconv=1.16=h2bbff1b_3
  - libpng=1.6.39=h8cc25b3_0
  - libsodium=1.0.18=h62dcd97_0
  - libtiff=4.7.0=h404307b_0
  - libwebp-base=1.3.2=h3d04722_1
  - libxml2=2.13.8=h866ff63_0
  - lz4-c=1.9.4=h2bbff1b_1
  - matplotlib-inline=0.1.6=py39haa95532_0
  - nest-asyncio=1.6.0=py39haa95532_0
  - openjpeg=2.5.2=h9b5d1b5_1
  - openssl=3.0.17=h35632f6_0
  - packaging=25.0=py39haa95532_0
  - parso=0.8.4=py39haa95532_0
  - pcre2=10.42=h0ff8eda_1
  - pickleshare=0.7.5=pyhd3eb1b0_1003
  - pillow=11.3.0=py39hb328d1f_0
  - pip=25.2=pyhc872135_0
  - pixman=0.46.4=h4043f72_0
  - platformdirs=4.3.7=py39haa95532_0
  - prompt-toolkit=3.0.43=py39haa95532_0
  - psutil=7.0.0=py39h02ab6af_0
  - pure_eval=0.2.3=py39haa95532_0
  - python=3.9.23=h716150d_0
  - python-dateutil=2.9.0post0=py39haa95532_2
  - pywin32=311=py39h885b0b7_0
  - pyzmq=26.2.0=py39h5da7b33_0
  - setuptools=78.1.1=py39haa95532_0
  - six=1.17.0=py39haa95532_0
  - sqlite=3.50.2=hda9a48d_1
  - stack_data=0.6.3=py39haa95532_0
  - tk=8.6.15=hf199647_0
  - tornado=6.5.1=py39h827c3e9_0
  - traitlets=5.14.3=py39haa95532_0
  - typing_extensions=4.15.0=py39haa95532_0
  - tzdata=2025b=h04d1e81_0
  - ucrt=10.0.22621.0=haa95532_0
  - vc=14.42=haa95532_5
  - vc14_runtime=14.44.35208=h4927774_10
  - vs2015_runtime=14.44.35208=ha6b5a95_10
  - wcwidth=0.2.13=py39haa95532_0
  - wheel=0.45.1=py39haa95532_0
  - xz=5.6.4=h4754444_1
  - zeromq=4.3.5=hd77b12b_0
  - zlib=1.2.13=h8cc25b3_1
  - zstd=1.5.6=h8880b57_0
  - pip:
    - absl-py==2.3.1
    - astunparse==1.6.3
    - blinker==1.9.0
    - certifi==2025.8.3
    - charset-normalizer==3.4.3
    - click==8.1.8
    - flask==3.1.2
    - flatbuffers==25.2.10
    - gast==0.6.0
    - google-pasta==0.2.0
    - grpcio==1.74.0
    - h5py==3.14.0
    - idna==3.10
    - importlib-metadata==8.7.0
    - itsdangerous==2.2.0
    - jinja2==3.1.6
    - keras==3.10.0
    - libclang==18.1.1
    - markdown==3.9
    - markdown-it-py==3.0.0
    - markupsafe==3.0.2
    - mdurl==0.1.2
    - ml-dtypes==0.5.3
    - namex==0.1.0
    - numpy==2.0.2
    - opt-einsum==3.4.0
    - optree==0.17.0
    - protobuf==6.32.0
    - pygments==2.19.2
    - requests==2.32.5
    - rich==14.1.0
    - scipy==1.13.1
    - tensorboard==2.20.0
    - tensorboard-data-server==0.7.2
    - tensorflow==2.20.0
    - termcolor==3.1.0
    - urllib3==2.5.0
    - werkzeug==3.1.3
    - wrapt==1.17.3
    - zipp==3.23.0
# prefix:
